,Steps,Seed: 0,Seed: 1,Seed: 2,Seed: 3,Seed: 4
0,0.47442008691259696,0.7079812271611176,0.881723054259604,0.9289416190229878,0.7939077092712518,0.47851264326815723
1,0.6403840946871185,0.8821440818539417,0.007457569737524761,0.42824025234414287,0.507415225904282,0.8724094598893327
2,0.7075264863515898,0.848218465268154,0.61938797828775,0.5316848188303893,0.23882336362762002,0.039567019200733355
3,0.17954044241216516,0.91046217642545,0.41637780085548837,0.5021741906070696,0.49416051215573253,0.7918671716148546
4,0.9686816131527218,0.14770951210895333,0.12393899372938577,0.2866836939295957,0.4129727574978487,0.3431186038510633
5,0.12092927470001524,0.5193175710536315,0.8664562783780082,0.38112662134123265,0.324089358557231,0.14932274759754183
6,0.10155681435744757,0.8954948922262567,0.7283272652076319,0.7688841930801714,0.5329572599800912,0.17430403609838985
7,0.4461667799655811,0.8519883712208933,0.2685247180438568,0.5174054297858984,0.2782055239756097,0.7386851857576048
8,0.2880926198024042,0.770324224722853,0.09515299977167524,0.7893415458051641,0.955993398418053,0.8869820244025778
9,0.7366176130730365,0.429873338239541,0.28395626090357773,0.4408344501311793,0.13821450847614913,0.9170555430557268
10,0.936749110240286,0.8893601143620442,0.7156661946793746,0.76360190474335,0.5065609578688026,0.947865993004399
11,0.7640277813633984,0.016077497299877064,0.44816057005960785,0.12597363060616473,0.008742751051053488,0.033124305369037765
12,0.31963103689013816,0.29538276745339476,0.3147390944213666,0.6143173702957595,0.48080277718731645,0.7267130662517206
13,0.6816924281592291,0.6603873293005116,0.5779818684446917,0.03835957063105766,0.9351923010854212,0.9789784417196913
14,0.34535102743650037,0.8079333955183365,0.5796756970232069,0.9579819223193653,0.052956192328562524,0.5271187711870584
15,0.6086815822827799,0.7228731309843718,0.45946885813739613,0.8719529253194216,0.2565090345263815,0.1286774485417399
16,0.23157342738727305,0.5739521432974277,0.9953963024454909,0.33934901103797455,0.5893124193370856,0.8564101840894646
17,0.50816536719254,0.6686892829121569,0.6339875573195075,0.9119145255384759,0.6372453663744447,0.8476848802458761
18,0.45542072199413286,0.694049284497044,0.05105322005111379,0.16195493916273995,0.30773731748017485,0.8785768415746585
19,0.21738282911267048,0.4038891078741029,0.40374509036947837,0.26465867642089425,0.8013386589581827,0.9443316079871384
20,0.526808186041118,0.9839063109135898,0.886124153541909,0.8142120866949285,0.37924176331643955,0.3500841482007988
21,0.1401328107849109,0.5952509238358009,0.4605644961407055,0.42518806114599084,0.1325336293666448,0.5412317778676602
22,0.15449853491654575,0.8804020588455584,0.03242445428660812,0.044314048474333734,0.0050984473742236025,0.2927033888680207
23,0.5104638229150067,0.5375581768075702,0.6616791930672472,0.6846402448450166,0.41269980147117447,0.42485086009194095
24,0.7322332713181621,0.6983220452942867,0.06135787699877093,0.6794112640533688,0.9420030391231897,0.07055267089992656
25,0.888848894735632,0.3657909658183499,0.14663935367624759,0.8766993793037599,0.025416207805690427,0.27491328500890966
26,0.7687689436284427,0.6933026915594502,0.09905631694132078,0.9695989800331642,0.7346840890521817,0.6945870351062732
27,0.19057477363756614,0.6070986651503876,0.9571145455983289,0.9939853186908835,0.9867210393689241,0.77984130874363
28,0.35575429170813055,0.3428572168085583,0.2788142059957358,0.38962989320137775,0.11174887556470392,0.8349740276597948
29,0.3003560200850335,0.16106821482005207,0.9322906974382251,0.1504438155411777,0.6176787671642923,0.6731283111580028
30,0.5917450393623946,0.9182438067124347,0.99681048690729,0.017625948264403113,0.43081974157262515,0.6249988400041678
31,0.26673062502372935,0.18820393744594566,0.6563535293974866,0.5173269019955127,0.8021653821588718,0.7061932946940259
32,0.9076682361672169,0.9149084355214869,0.26971212459753235,0.5557307683436666,0.8714454677208676,0.680110636633955
33,0.4731624318263056,0.6607738996358293,0.5554401408286288,0.7921091904838937,0.8594359161055567,0.55769815331028
34,0.1109826996048705,0.1278082953587798,0.4790380141547612,0.509718572769387,0.5884155397068771,0.9175396765407292
35,0.9247508460214384,0.9151061320901592,0.34208161528658987,0.933911603868492,0.9969269847856258,0.24050072675862344
36,0.47025208478564795,0.7358440156334837,0.34215605352952905,0.015074844096703344,0.05973823633765307,0.9107033776122849
37,0.3256031739263133,0.3047858084442585,0.04284147266750127,0.1033602446675741,0.5456371270917701,0.3471820263665957
38,0.5664579519108953,0.7791378441563331,0.7541500068833253,0.7721624552512555,0.24321833052580433,0.7289543223266362
39,0.8951322323272235,0.6107803611150454,0.6216315903902155,0.8145560744971405,0.10742778457715474,0.5521666215701759
40,0.6289439945722048,0.8330252892046655,0.6556577612432908,0.879575976413986,0.9175071645875919,0.7974201382372818
41,0.0983817415977648,0.8890050570444226,0.5579387135737169,0.984212093772317,0.9706734197067628,0.7648240933703568
42,0.28970018453536805,0.27767684701370965,0.13533770088520825,0.3906285883241831,0.7845753561256026,0.9666975092661735
43,0.5536415178207036,0.1650988710349267,0.7751342847969503,0.6834231961822991,0.21625749581527887,0.16701512968233145
44,0.3898599425636502,0.1416243713357903,0.21681956742452124,0.3319622716584564,0.9598465693330223,0.42492600911973244
45,0.10879220331910555,0.14940023982782658,0.7734682087185225,0.2921019852307062,0.1740141572185907,0.4697169602286607
46,0.5212425400993665,0.7919880580200805,0.4176474926694971,0.0012850702758226973,0.5276851081897309,0.2464940912867385
47,0.738756192536895,0.06976638990517603,0.2594091971052167,0.7567837154466073,0.5527327112978659,0.7504015735132505
48,0.23749529488787535,0.22905965112092253,0.8241368090508701,0.32495589572725747,0.8550804310463377,0.5935103820020371
49,0.7718213474543111,0.5559146944532182,0.4695927013908956,0.4253352984683162,0.3478912211772348,0.8223505438916691
50,0.7696393255048105,0.5014394123185468,0.9834780136729327,0.08983714432078105,0.022205860999194194,0.34570814366642466
51,0.03919395193731856,0.8485860449342707,0.5168892504155076,0.5585702297411007,0.65620555809145,0.4869563871451553
52,0.6887852697429319,0.5845968539156151,0.7321581594363407,0.2797055483176335,0.7993634446057837,0.47123427282914365
53,0.2943124580265636,0.6480677911454316,0.08807745360392105,0.8122165781712404,0.8775284506924786,0.7587787874159481
54,0.3324156262306145,0.22203593836017854,0.21818913989676358,0.1582251084863121,0.41971448918421683,0.023892954733717775
55,0.22315695791777124,0.7280908399220261,0.6230297251891111,0.5016319015081021,0.001592156028331515,0.2189262630935197
56,0.6166902405865484,0.0814721643641475,0.2313890022794397,0.35340956660375134,0.28685535132227213,0.6230158592573617
57,0.6423115618888905,0.8798237546139098,0.4355787034637846,0.93740392432313,0.24088719970586603,0.9518531826545761
58,0.5493457791620158,0.6987452974280369,0.19370894531337202,0.23432159401634833,0.2899980562086786,0.624614217384334
59,0.6693829418255842,0.503554519471556,0.34438145725640645,0.035768563468213666,0.6592575632549894,0.43853333014744245
60,0.8614958469576199,0.7285296099169007,0.7219445825304418,0.6678627280704292,0.6497430527357932,0.5661063547224523
61,0.5348774676121866,0.44937257386783547,0.8308860778023852,0.4861070178712792,0.8662292668036986,0.050911145710107575
62,0.13156289712408087,0.6870748645007309,0.07321288566035111,0.9090282152116439,0.31766389643756276,0.36759372700065807
63,0.4466811569514402,0.16605594179838423,0.7289456255665816,0.9340309418462658,0.2762503670743639,0.974092765626499
64,0.8603710524579123,0.04210560696342558,0.5213507690059633,0.0753740898587636,0.7555055085010136,0.6690619824250292
65,0.42438944022453196,0.3516839188374038,0.4178181094957689,0.5319484649721773,0.5009166350097184,0.8595183899959168
66,0.7894564211816759,0.3314573601133801,0.1472351570866277,0.9585675015623986,0.016590048217921538,0.37347570799898855
67,0.007945043867800705,0.4640182097449641,0.8354062583058376,0.5947947792906761,0.175152309232378,0.9340583988381106
68,0.23121161333829232,0.7963199754104434,0.2911924323911854,0.29749839593385485,0.4397132187221433,0.25965807274412234
69,0.12680224402730778,0.270578068514881,0.03811068542528562,0.9408959623299921,0.7781140033458201,0.7347348906297088
70,0.36342974257029503,0.6967949970716357,0.5631167945414999,0.230379878565941,0.3718856655354552,0.39659205360689465
71,0.345362961197924,0.12716316714672704,0.36088667538866503,0.8409516156008796,0.8722384862357182,0.12229273336900603
72,0.10208016712913115,0.40283911025762476,0.05015415169402926,0.9030987908616056,0.7480029962222648,0.06952261017146644
73,0.025101191057733452,0.8662030079745671,0.16235635732643194,0.8152573014730379,0.846686809481428,0.3892754990113896
74,0.32000672871626235,0.059453361206548205,0.816541174110426,0.21051299260420375,0.5454674000673803,0.2661238486897479
75,0.1225192324124561,0.19915018026956954,0.7933040915177638,0.31670151984525496,0.21827928489628634,0.5759292837095563
76,0.6826049423767719,0.9825840157270893,0.016327991334981085,0.8018026617057202,0.9809625480182652,0.34675199220560937
77,0.13341608204751976,0.7668604811870254,0.45359583286880734,0.41054970342945285,0.40438740426620756,0.6625345845187636
78,0.7878695352155414,0.8811535851969983,0.7488317304206108,0.24260930341292852,0.26866428887587046,0.9128010323629318
79,0.9556045137053452,0.5658701335145384,0.8490487605185261,0.04881949258551421,0.7303523947466353,0.1820873666666737
80,0.49978156667808527,0.7946752574710692,0.45612563076699175,0.28073044429574745,0.7639597799560354,0.49644367566893366
81,0.48870929787756445,0.2814127498028113,0.42205038195286493,0.15315803936764005,0.6897946922247679,0.5990143796345472
82,0.672500180942348,0.06476934975877635,0.7396544902980707,0.5011068572808361,0.8857157908590382,0.1161512993838455
83,0.5949929849306831,0.3813487862480176,0.911166268933985,0.34591074381939935,0.17939820240054072,0.28250213988765494
84,0.1877396266129887,0.7124217049699234,0.37890748074166325,0.6675119754911498,0.03238362932545258,0.5239523892535779
85,0.2643145217479568,0.3617575844135086,0.5001322549182449,0.8443434510002589,0.2067510771452329,0.4782764276986121
86,0.8160285357323194,0.14828750092886778,0.7837128965987662,0.004410742494042275,0.8464161892538007,0.5648105343016049
87,0.47906172790739876,0.3930829778212117,0.821116730964692,0.10206162795094065,0.9867302943995135,0.5123983451397772
88,0.19454548348671596,0.10401475128538018,0.8984375830728863,0.07447218129267719,0.7042112794141774,0.7481131541576638
89,0.9840245029144105,0.3528582170968524,0.4868341031044988,0.8735774205938721,0.2650527095215899,0.8959725956210897
90,0.03274995929095814,0.5853054255896372,0.2545754164620775,0.4801230332157782,0.49402247516357156,0.39120500493651567
91,0.6342475196667245,0.4054116593315986,0.25917409968765814,0.6174064159943939,0.6066685270476385,0.9776158085574391
92,0.4115092375741116,0.133078179675719,0.8374415264712123,0.08246052958727845,0.2805581475749449,0.1606111459878642
93,0.23979129461372106,0.4775097795162728,0.627163723046504,0.16870410825283422,0.6298537793218201,0.523467635071888
94,0.7736377321530268,0.3343934429606342,0.3892064861236122,0.026455464531729644,0.9495495672024205,0.311733528818368
95,0.2573698115054437,0.5191920989860379,0.7373058772954971,0.44147835173185734,0.49891337702964556,0.0522098130608889
96,0.9460034990573767,0.9164673137494157,0.06797953518456312,0.9344439142553962,0.7064843653862433,0.6792014340757211
97,0.8463132735249022,0.6957161480332344,0.5979438280569499,0.3446856412648257,0.7457382949515998,0.6571772333605584
98,0.3208104133882276,0.4831229657059769,0.940228019452192,0.6647603380217152,0.3514140653168075,0.7257523533884899
99,0.8151547692021259,0.5982994481726013,0.9388326771959555,0.8705443130547477,0.7652539150223371,0.9477374922738803
